8026
7800
890
7710
431
7731
6375
2763
6209
8906
9055
2559
3590
7911
8604
5552
1693
3512
1126
5472
3879
9661
2811
6724
2328
3495
9545
7138
6946
6510
2721
2235
6544
7983
9317
4963
7099
8395
8574
3900
8857
1958
4186
5526
8418
2198
4694
6185
4017
5272
2917
7307
4220
3502
8039
5298
4265
929
7718
5487
9211
111
4691
2977
8398
2394
4383
5285
9990
5013
7030
4026
8858
8617
829
5261
3524
9577
4841
7917
8480
2746
9401
207
8426
889
1620
699
4684
8931
2311
4094
5072
9191
4252
8076
8667
5322
126
4084
249
8894
1895
9760
2723
2863
1632
3619
2951
7905
2875
1987
7888
4777
2447
2556
9560
265
6572
4550
5202
3958
268
242
4358
51
4937
5955
9193
4716
1040
4949
7602
1997
4091
9751
6228
2115
4731
1498
8066
1369
9601
3265
4961
1010
3497
956
947
6401
8159
9575
2407
3257
2314
8914
6994
4641
3463
9863
337
8153
644
7350
6990
4223
4359
6137
5691
2941
8970
9797
5782
2089
2165
6983
3334
2395
6976
5169
50
5921
9276
2259
1350
1356
7123
1968
3616
7694
3920
3787
8542
1216
6105
9817
3708
7705
2523
5199
10
7137
4654
9906
1797
4222
5668
4769
9038
8568
5714
906
5107
9154
8868
1087
6954
6652
957
2632
8537
6089
6836
2681
3351
5532
6433
3580
7866
309
2769
4424
4656
7548
9065
7922
7200
1493
416
7576
5143
470
9525
4833
4549
8776
7435
3409
4576
9238
2474
2616
233
9124
1576
9589
9444
2753
5159
2756
2279
9882
8461
2694
8645
2706
7980
7879
8636
5971
663
7928
6341
2524
7240
2696
6406
4912
7742
7089
7937
4217
279
7892
2861
6708
3985
4699
8648
5524
1623
9770
2006
3852
9177
4310
3491
923
9599
9236
774
999
9289
6170
2093
5361
4845
1909
4747
1880
9052
1141
1017
4898
9748
5928
7415
8486
7248
1759
6915
9528
9000
2829
7050
1643
4352
8097
1212
4149
9483
5761
6848
7277
6885
7564
2777
1616
2316
21
2803
534
5237
1311
7523
3992
2492
5568
3259
6950
1237
9348
6321
1841
9937
569
1439
9049
6173
5856
4498
6489
5910
8060
5064
6134
5962
2595
1937
6909
6760
415
6623
60
3555
5427
7807
357
1963
9222
1705
7893
6552
9726
1166
236
9685
9804
7082
2610
8420
9953
2764
9613
7084
5566
6009
9798
5756
8430
8730
8539
4546
2149
811
7428
6099
314
9683
2837
2943
370
8450
1679
8318
2304
7092
6597
7783
7713
6211
4729
5092
8197
6184
863
9011
3996
5000
3853
6065
5470
4138
1696
2339
5042
664
3798
6212
3118
7943
6807
4696
3053
1836
7397
4685
6663
6831
2584
6370
8308
3988
3922
7433
8793
6714
614
6485
3541
9884
1009
6547
6904
4680
6066
5721
6246
6042
656
4517
2143
1738
7859
8600
203
4228
9377
7722
4360
6392
1674
2604
9037
607
1886
5974
6088
2276
3454
9823
7298
5610
9539
5061
7700
1264
1286
8575
5431
